0.0 0.0
0.0899865 0.174645
0.179892 0.33876
0.2696355 0.492615
0.359136 0.6364800000000002
0.4483125000000001 0.7706250000000001
0.537084 0.8953199999999999
0.6253695000000001 1.0108350000000002
0.7130879999999999 1.11744
0.8001584999999999 1.215405
0.8865000000000002 1.3050000000000002
0.9720314999999998 1.386495
1.0566719999999998 1.46016
1.1403405 1.526265
1.2229560000000002 1.58508
1.3044375000000001 1.636875
1.3847040000000002 1.6819199999999999
1.4636745000000002 1.720485
1.5412680000000003 1.75284
1.6174035000000002 1.779255
1.6920000000000004 1.7999999999999998
1.7649765000000004 1.815345
1.8362520000000004 1.8255599999999998
1.9057455000000005 1.8309149999999998
1.9733760000000002 1.8316799999999998
2.0390625000000004 1.8281249999999998
2.1027240000000003 1.8205200000000001
2.1642795000000006 1.809135
2.2236480000000007 1.7942399999999998
2.2807485000000005 1.7761049999999996
2.3355000000000006 1.755
2.3878215000000003 1.7311949999999996
2.4376320000000007 1.7049599999999996
2.4848505000000007 1.6765649999999996
2.529408000000001 1.6462759999999996
2.5713750000000006 1.6143124999999994
2.610912000000001 1.5808639999999994
2.6481810000000006 1.5461194999999994
2.683344000000001 1.5102679999999993
2.716563000000001 1.4734984999999994
2.7480000000000007 1.4359999999999995
2.777817 1.3979614999999992
2.8061760000000007 1.3595719999999991
2.8332390000000007 1.3210204999999993
2.8591680000000004 1.2824959999999992
2.884125000000001 1.2441874999999991
2.908272000000001 1.2062839999999992
2.9317710000000012 1.1689744999999994
2.9547840000000014 1.1324479999999992
2.9774730000000007 1.096893499999999
3.000000000000001 1.0624999999999991
3.0225270000000006 1.029456499999999
3.045216000000001 0.9979519999999991
3.0682290000000005 0.9681754999999993
3.0917280000000007 0.9403159999999993
3.115875000000001 0.9145624999999994
3.140832 0.8911039999999992
3.1667610000000006 0.8701294999999994
3.1938240000000007 0.8518279999999994
3.222183000000001 0.8363884999999995
3.2520000000000007 0.8239999999999996
3.283437000000001 0.8148514999999998
3.316656000000001 0.8091319999999999
3.3518190000000008 0.8070305
3.389088000000001 0.8087360000000001
3.428625000000001 0.8144375000000003
3.4705920000000017 0.8243240000000004
3.515149500000001 0.8385795000000005
3.562368000000001 0.8570880000000007
3.6121785000000015 0.8792685000000009
3.664500000000001 0.9045000000000011
3.7192515000000017 0.9321615000000012
3.776352000000002 0.9616320000000012
3.835720500000002 0.9922905000000012
3.8972760000000024 1.0235160000000012
3.9609375000000027 1.0546875000000013
4.026624000000002 1.0851840000000013
4.0942545000000035 1.1143845000000012
4.163748000000003 1.141668000000001
4.235023500000003 1.166413500000001
4.308000000000004 1.188000000000001
4.382596500000004 1.2058065000000007
4.458732000000003 1.2192120000000004
4.536325500000004 1.2275955
4.615296000000005 1.230336
4.695562500000004 1.2268124999999994
4.7770440000000045 1.2164039999999992
4.859659500000005 1.198489499999999
4.943328000000004 1.1724479999999982
5.0279685000000045 1.1376584999999977
5.113500000000004 1.093499999999997
5.199841500000005 1.0393514999999964
5.286912000000005 0.9745919999999958
5.374630500000006 0.8986004999999951
5.462916000000005 0.810755999999994
5.551687500000006 0.7104374999999933
5.640864000000006 0.5970239999999924
5.730364500000006 0.4698944999999914
5.8201080000000065 0.32842799999999034
5.910013500000005 0.17200349999998923
6.0 0.0
